Región,Casos totales acumulados,Casos nuevos totales,Casos nuevos con síntomas,Casos nuevos sin síntomas*,Fallecidos,% Total
Arica y Parinacota,967,37,35,2,10,"0,63%"
Tarapacá,3696,105,92,13,46,"2,40%"
Antofagasta,3753,194,179,15,57,"2,44%"
Atacama,389,24,22,2,0,"0,25%"
Coquimbo,1345,89,75,14,7,"0,87%"
Valparaíso,5865,251,216,35,107,"3,81%"
Metropolitana,124135,4389,4039,350,2273,"80,56%"
O’Higgins,1552,110,98,12,28,"1,01%"
Maule,2560,120,105,15,19,"1,66%"
Ñuble,1673,57,52,5,20,"1,09%"
Biobío,2974,128,106,22,12,"1,93%"
Araucanía,2535,47,34,13,34,"1,65%"
Los Ríos,462,10,9,1,8,"0,30%"
Los Lagos,1062,21,18,3,12,"0,69%"
Aysén,22,1,1,0,0,"0,01%"
Magallanes,1102,13,8,5,15,"0,72%"
Total,154092,5596,5089,507,2648,100%
